<?xml version="1.0"?>
<opencv_storage>
<WindowNum>1</WindowNum>
<WindowWidth>2560</WindowWidth>
<WindowHeight>1024</WindowHeight>
<mat_array>
  <_ type_id="opencv-matrix">
  <rows>4</rows>
  <cols>4</cols>
  <dt>f</dt>
  <data>
    -5.43682911e-002 -9.98249233e-001 -2.32962444e-002 1.38288422e+002
      2.64949054e-002 2.18803119e-002 -9.99409497e-001 1.29331653e+003
      9.98169422e-001 -5.49534187e-002 2.52588987e-002 2.32325732e+003
      0. 0. 0. 1.</data></_>
  <_ type_id="opencv-matrix">
  <rows>3</rows>
  <cols>3</cols>
  <dt>f</dt>
  <data>
    5.4057265357121753e-001 -3.6621084991152364e-003
    1.5917496424959018e+003 -1.3930625324462213e-003
    -5.7288922802064046e-001 6.2476390778138182e+002
    8.8692812732947091e-009 -3.6186667594393962e-006
    9.9999999999999989e-001</data></_></mat_array>
</opencv_storage>
<!-- 前方ディスプレイ -->
<!-- T_Kinect2Display, Hの順で入れる -->