<?xml version="1.0"?>
<opencv_storage>
<WindowNum>3</WindowNum>
<WindowWidth>2560</WindowWidth>
<WindowHeight>1024</WindowHeight>
<mat_array>
  <_ type_id="opencv-matrix">
  <rows>4</rows>
  <cols>4</cols>
  <dt>f</dt>
  <data>
     7.92359188e-003 9.97254670e-001 7.36221969e-002 3.67292358e+002
      -1.05519414e-001 7.40473121e-002 -9.91656482e-001 1.63654614e+003
      -9.94385600e-001 8.89040530e-005 1.05816454e-001 1.49889847e+002
      0. 0. 0. 1.</data></_>
  <_ type_id="opencv-matrix">
  <rows>3</rows>
  <cols>3</cols>
  <dt>f</dt>
  <data>
  18.8796773739801309e-001 12.7949419947418453e-003 6.4756795999550513e+003 
  5.4629578085698839e-003 -20.7302710684079294e-001 5.1775274075738849e+002
    8.4679900389534835e-006 -5.6578998032789081e-008 1.</data></_></mat_array>
</opencv_storage>
<!-- 右方ディスプレイ -->
<!-- T_Kinect2Display, Hの順で入れる -->
<!-- <WindowWidth>2560</WindowWidth> -->
<!-- <WindowHeight>1024</WindowHeight> -->