<?xml version="1.0"?>
<opencv_storage>
<WindowNum>1</WindowNum>
<WindowWidth>2560</WindowWidth>
<WindowHeight>1024</WindowHeight>
<mat_array>
  <_ type_id="opencv-matrix">
  <rows>4</rows>
  <cols>4</cols>
  <dt>f</dt>
  <data>
    -2.55514592e-001 -9.66704965e-001 -1.39158973e-002
      -6.98253540e+002 7.87114054e-002 -6.45439140e-003 -3.96876538e-001
      1.31176782e+003 9.63595808e-001 -2.55811840e-001 7.77399093e-002
      2.40393848e+003 0. 0. 0. 1.</data></_>
  <_ type_id="opencv-matrix">
  <rows>3</rows>
  <cols>3</cols>
  <dt>f</dt>
  <data>
   9.192e-001 2.4051e-001 0.2456128903122499e+003
   -24.3411876354229199e-003 -24.8701569647326270e-001 -4.0554683746997603e+002
    3.4736413839696636e-005 5.7831813236136326e-005 1.</data></_></mat_array>
</opencv_storage>
<!-- 左方ディスプレイ -->
<!-- T_Kinect2Display, Hの順で入れる -->
<!-- <WindowWidth>2560</WindowWidth> -->
<!-- <WindowHeight>1024</WindowHeight> -->